3414576738
1733920817
255781883
3139405858
3092729158
3040063231
986858454
1209921041
910309865
1987387275
2659782423
113311820
2924026148
67166512
3089438533
3523419557
536733780
2953944710
2454033239
3143793742
2141893821
3634167784
337947458
337947458
1923581987
313260641
2454975590
732691668
94461691
3442925638
2751472315
2557969293
1613955562
1613955562
2991918407
2335667789
2841830632
2558169435
2860615477
2655735622
2498246940
1014554258
1550849586
1807909983
2434432873
246806117
813189993
3465971674
262121885
3172512590
1183876253
977623880
1447483231
1805779915
3175569563
2313623434
1969459255
2031431215
1470986907
283781465
70086164
80247534
3234382940
2996422845
1668148587
2968173797
1410634931
1964332751
3200209796
3230864828
2026710291
1390760599
2622760167
2878369099
2016185523
2671800682
371359056
2498804313
3604436681
3538882915
1811932015
2072959594
1753131449
2575633959
1772332867
2394866874
3180924930
2219776277
2386858870
2529369244
3378686561
2528894751
3359936116
738606342
2033189705
22621007
1397848397
1191904496
447920834
3242578547
2016737500
1207977745
3074138020
3053715755
1815683179
1993646715
2359306958
2560371775
2106936369
1015884633
1342891310
2854214265
1390048281
1183480971
1906148682
2441095227
1371633310
2047832858
3120116939
2660269694
3559302872
2976423274
2913879613
3115676144
3093810697
2253481716
2405756863
2169575809
6045948
3317367186
3445710288
3499270447
1364607239
1968713176
2361107250
3505682798
1051754983
2092374530
1136658149
3026908990
2270694478
2829862470
2366149557
3428653718
1261824440
80412903
2835166113
2701972568
1474810596
695408716
1607043349
1403846061
89545915
3536290572
1248820266
1702251065
3062929255
810581049
3171882051
2101322600
1242315177
415572365
2029816755
2281646242
3026104216
246253046
2160630240
1712684936
3270766201
2423872652
2523726818
1404849593
291413718
3155961927
292759951
783048612
3491229828
2169396566
2321148020
20788336
3175684925
2700736815
3589120095
570451127
1594674100
3227412657
196797268
3157540178
2313188059
2435173458
3531693798
256054138
1462094069
351119762
3422406434
1265641160
3407743316
666666666666666666
3476229367
1472957867
1144521112
2484780640
3154616413
423169207
473816029
418659902
2953087689
3633775161
3447740245
3293569883
121221
3133065336
2943829313
2862353053
2468440143
1405248200
1665571211
1211543244
1360947816
458402475
189639964
2727422594
2019468338
2796867922
167951702
3267910375
1634635204
1849885562
2231028568
1218422373
478491937
3409413959
2970028675
1130279749
213026625
3529456730
2474938847
2328567505
3167942638
2336340955
2215560392
2136578810
1850677615
1095048426
2733297619
2504691332
3587800935
938397578
2682963685
2432997757
2740242784
3456596753
211155524
3566658725
2945755078
3179630100
2490852998
2451021255
3066924536
3305140261
1102679881
2237465538
2658951692
260098947
3201464114
2179469633
2158164721
1291324988
898312092
2364591514
2960093790
58394093
1914734493
1904686809
1648117621
3441662058
1354478168
3460420353
3408198784
3229754821
1061377691
3469832673
2672114084
3093604693
3497349586
384285140
2956639329
3566937815
2672816439
2470987884
3285375689
3206998755
499830377
1726895778
1240354356
208811724
2865538923
2386095301
2720904520
3627866791
3258246546
782493919
3123175642
2784014219
1707145463
1694533097
386336238
2723305505
2730440062
3523356318
1754435798
343428524
3329227102
2449377537
3123391667
2793631975
2949683946
1663694403
3272845214
2026411961
3172622130
106459655
919280137
1035615393
3480886574
2441645319
3244801627
110195852
2248415881
1426333144
1426333144
2815228682
2782291202
2099153414
3279372716
1769001867
522067509
3124766164
2761404418
3114227681
1624118500
477398332
2799352364
1930462761
2546674657
1984485183
2861695391
1030246549
2584825521
3501978990
2905892511
3447902272
2794536068
2552801720
2300316575
3530044677
3369355427
236863651
2780613627
198900682
3393953089
2490586365
2301430933
911350762
1045713777
1473152226
3530336258
3570744381
3142249284
2540649275
2799877162
2304947040
179044921
537072347
1453442393
2418504064
1722876617
2785638381
3205711786
918805401
2679315464
3290672247
2786216731
2262827753
3327856268
537072346
3062445431
786684642
2077085334
1048502294
911270763
2964916533
2549956171
2997044574
1836007407
260815026
1912367443
1692441369
908848801
3277806530
1720409391
3341528994
3062514721
3240692276
20392117
1102683936
1352499021
3447252308
1695657618
1703839334
1014137111
160408236
1660480141
3362979532
1092095852
2707036932
3285093838
1015786348
1735223329
2761969801
1430241915
2293287010
3630197113
1393936762
951219918
2854196310
2942229655
2448039946
2700302151
2788188981
2139552791
1390091838
3064478320
3628228727
3043799607
1878673550
3435867535
2200543426
2336160083
942157210
3562282126
858705193
2868995134
3430362579
3599009501
3378079010
2105653128
2504539883
1752494953
2123947583
1545108060
2648401367
3532647304
2804718726
1265212241
1990733816
3369881662
2303291652
1064812703
3072582658
3572244560
2846393877
873451471
3207412401
1657365388
1662486517
313457193
3255446947
1930268794
2594582446
1655829180
2110437241
1955272847
1837751431
1670829448
1453762970
3202349511
2011134411
2086834766
3157019300
575571770
1224425965
1833054608
1831149596
2633959736
3088581945
39625224
1753506185
1120339249
2274336092
2377176491
2368349558
13527202
503009330
530438555
2604687041
2720975796
1776298886
2242721680
3197988002
663272296
2979132256
926006980
2335304805
2775655473
1152722566
161764809
1797183109
372582258
2943512971
2605007740
3486577006
3290287652
428009906
3575447380
2447945416
236367596
514112437
2462876195
2129925079
959707694
3214606689
2380535837
3553227473
3093145742
1182946606
2237086551
609493231
3179226989
1979345489
2395898023
3587936151
1225846817
431235789
1203828146
2397355225
234519030
1276278951
3325215057
2873332372
2565653774
2941481668
2773932617
1793304535
2397502067
1984028293
2822979613
2193330305
2117762424
3099409393
3325862217
94304408
3287229623
3632596573
3063400377
2874294650
3051990846
2185401340
2858368030
3597306548
2949434584
3149871830
2702357170
1590431592
2237443711
1994195885
3193348296
1599849786
246205819
1063320010
1472585331
3319328443
2317873692
3068524835
3143025026
2584753208
2244347713
1918891631
2721158501
2141226641
2507067676
2841531889
3590971698
3296938784
1684519626

